--- EDA: آمار توصیفی ---
       Destination Port  Flow Duration  Total Fwd Packets  Total Length of Fwd Packets  Fwd Packet Length Max  Fwd Packet Length Min  Fwd Packet Length Mean  Fwd Packet Length Std  Bwd Packet Length Max  Bwd Packet Length Min  Bwd Packet Length Mean  Bwd Packet Length Std  Flow Bytes/s  Flow Packets/s  Flow IAT Mean  Flow IAT Std  Flow IAT Max  Flow IAT Min  Fwd IAT Total  Fwd IAT Mean   Fwd IAT Std   Fwd IAT Max   Fwd IAT Min  Bwd IAT Total  Bwd IAT Mean   Bwd IAT Std   Bwd IAT Max   Bwd IAT Min  Fwd Header Length  Bwd Header Length  Fwd Packets/s   Bwd Packets/s  Min Packet Length  Max Packet Length  Packet Length Mean  Packet Length Std  Packet Length Variance  FIN Flag Count  PSH Flag Count  ACK Flag Count  Average Packet Size  Subflow Fwd Bytes  Init_Win_bytes_forward  Init_Win_bytes_backward  act_data_pkt_fwd  min_seg_size_forward   Active Mean    Active Max    Active Min     Idle Mean      Idle Max      Idle Min
count      14800.000000   1.480000e+04       14800.000000                 14800.000000           14800.000000           14800.000000            14800.000000           14800.000000           14800.000000           14800.000000             14800.00000           14800.000000  1.480000e+04    1.480000e+04   1.480000e+04  1.480000e+04  1.480000e+04  1.480000e+04   1.480000e+04  1.480000e+04  1.480000e+04  1.480000e+04  1.480000e+04   1.480000e+04  1.480000e+04  1.480000e+04  1.480000e+04  1.480000e+04       14800.000000       14800.000000   1.480000e+04    14800.000000       14800.000000       14800.000000        14800.000000       14800.000000            1.480000e+04    14800.000000    14800.000000    14800.000000         14800.000000       14800.000000            14800.000000             14800.000000      14800.000000          14800.000000  1.480000e+04  1.480000e+04  1.480000e+04  1.480000e+04  1.480000e+04  1.480000e+04
mean        5007.073041   1.719157e+07           6.504392                   861.540135             172.900676               4.146554               42.022150              56.512443            1537.109595               8.692770               493.09094             646.239862  3.224346e+05    2.508640e+04   1.729803e+06  4.538237e+06  1.453707e+07  1.261507e+05   1.670087e+07  3.200140e+06  5.950216e+06  1.443628e+07  4.524764e+05   6.882096e+06  1.183518e+06  1.772761e+06  4.614072e+06  3.482921e+05         193.802973         185.877027   1.590073e+04     9185.667341           3.662838        1600.025068          249.881214         504.658930            1.085783e+06        0.045473        0.605676        0.287162           274.521727         861.540135            12419.149122              4246.182027          3.210203             27.268108  6.500676e+04  8.480182e+04  5.567765e+04  1.256421e+07  1.322771e+07  1.192446e+07
std        13113.655313   3.295748e+07          23.468358                  7595.789269             896.386291              26.102320              236.810631             242.153957            2802.001606              33.985465               870.32340            1243.518469  9.531242e+06    1.186309e+05   4.171738e+06  9.164806e+06  3.087373e+07  2.769641e+06   3.298915e+07  7.824667e+06  1.261365e+07  3.090129e+07  5.738816e+06   2.177252e+07  6.032741e+06  7.472721e+06  1.847627e+07  4.894666e+06         695.567494         657.644081   9.542118e+04    40560.296742          11.691433        2904.239111          423.961493         911.727023            2.539040e+06        0.208346        0.488722        0.452453           467.029536        7595.789269            13739.925239             10238.323971         12.865134              6.575566  5.156040e+05  6.389538e+05  4.858319e+05  3.026101e+07  3.128251e+07  2.995240e+07
min            0.000000   1.000000e+00           1.000000                     0.000000               0.000000               0.000000                0.000000               0.000000               0.000000               0.000000                 0.00000               0.000000  0.000000e+00    1.734739e-02   5.000000e-01  0.000000e+00  1.000000e+00 -1.000000e+00   0.000000e+00  0.000000e+00  0.000000e+00  0.000000e+00  0.000000e+00   0.000000e+00  0.000000e+00  0.000000e+00  0.000000e+00  0.000000e+00           0.000000           0.000000   1.680042e-02        0.000000           0.000000           0.000000            0.000000           0.000000            0.000000e+00        0.000000        0.000000        0.000000             0.000000           0.000000               -1.000000                -1.000000          0.000000              0.000000  0.000000e+00  0.000000e+00  0.000000e+00  0.000000e+00  0.000000e+00  0.000000e+00
25%           80.000000   2.240000e+02           2.000000                     0.000000               0.000000               0.000000                0.000000               0.000000               0.000000               0.000000                 0.00000               0.000000  1.805372e+01    7.324531e-01   1.113750e+02  0.000000e+00  1.620000e+02  3.000000e+00   3.000000e+00  3.000000e+00  0.000000e+00  3.000000e+00  0.000000e+00   0.000000e+00  0.000000e+00  0.000000e+00  0.000000e+00  0.000000e+00          40.000000          20.000000   5.494603e-01        0.171597           0.000000           6.000000            2.571429           0.000000            0.000000e+00        0.000000        0.000000        0.000000             3.000000           0.000000              256.000000                 0.000000          0.000000             20.000000  0.000000e+00  0.000000e+00  0.000000e+00  0.000000e+00  0.000000e+00  0.000000e+00
50%           80.000000   1.095405e+06           3.000000                    26.000000              20.000000               0.000000                7.000000               0.000000               6.000000               0.000000                 6.00000               0.000000  3.770802e+02    5.895743e+00   2.028094e+05  3.180995e+05  1.009560e+06  2.600000e+01   1.000754e+06  3.417070e+05  4.522298e+04  5.029630e+05  4.000000e+00   4.000000e+00  4.000000e+00  0.000000e+00  4.000000e+00  1.000000e+00          92.000000          40.000000   2.924484e+00        2.779501           0.000000          31.000000           11.380000           8.763561            7.680000e+01        0.000000        1.000000        0.000000            11.916667          26.000000             8192.000000               229.000000          1.000000             32.000000  0.000000e+00  0.000000e+00  0.000000e+00  0.000000e+00  0.000000e+00  0.000000e+00
75%         2045.000000   9.393824e+06           7.000000                   207.000000             195.000000               2.000000               46.000000              95.541876            1068.000000               6.000000               258.25000             362.553946  7.594937e+04    1.377732e+04   1.814435e+06  3.151113e+06  5.584134e+06  8.500000e+01   6.541440e+06  2.668468e+06  3.794809e+06  5.574554e+06  3.860000e+02   9.982152e+05  2.881882e+05  1.839023e+05  5.206565e+05  4.600000e+01         172.000000         168.000000   8.771930e+03     4184.100418           2.000000        1418.000000          232.645559         389.472350            1.516896e+05        0.000000        1.000000        1.000000           248.801408         207.000000            29200.000000               247.000000          3.000000             32.000000  0.000000e+00  0.000000e+00  0.000000e+00  0.000000e+00  0.000000e+00  0.000000e+00
max        65389.000000   1.199990e+08        1683.000000                207930.000000           23360.000000            1448.000000             5940.857143            7049.469004           11632.000000            1460.000000              3867.00000            6694.376371  1.040000e+09    3.000000e+06   1.150000e+08  7.620000e+07  1.200000e+08  1.150000e+08   1.200000e+08  1.190000e+08  8.310000e+07  1.200000e+08  1.190000e+08   1.200000e+08  1.190000e+08  7.750000e+07  1.190000e+08  1.190000e+08       40560.000000       47156.000000   3.000000e+06  1000000.000000         356.000000       23360.000000         1797.637931        4708.990311            2.220000e+07        1.000000        1.000000        1.000000          2068.000000      207930.000000            65535.000000             65535.000000       1108.000000             44.000000  1.010468e+07  1.870000e+07  1.010468e+07  1.190000e+08  1.190000e+08  1.190000e+08

--- ماتریس همبستگی ---
                             Destination Port  Flow Duration  Total Fwd Packets  Total Length of Fwd Packets  Fwd Packet Length Max  Fwd Packet Length Min  Fwd Packet Length Mean  Fwd Packet Length Std  Bwd Packet Length Max  Bwd Packet Length Min  Bwd Packet Length Mean  Bwd Packet Length Std  Flow Bytes/s  Flow Packets/s  Flow IAT Mean  Flow IAT Std  Flow IAT Max  Flow IAT Min  Fwd IAT Total  Fwd IAT Mean  Fwd IAT Std  Fwd IAT Max  Fwd IAT Min  Bwd IAT Total  Bwd IAT Mean  Bwd IAT Std  Bwd IAT Max  Bwd IAT Min  Fwd Header Length  Bwd Header Length  Fwd Packets/s  Bwd Packets/s  Min Packet Length  Max Packet Length  Packet Length Mean  Packet Length Std  Packet Length Variance  FIN Flag Count  PSH Flag Count  ACK Flag Count  Average Packet Size  Subflow Fwd Bytes  Init_Win_bytes_forward  Init_Win_bytes_backward  act_data_pkt_fwd  min_seg_size_forward  Active Mean  Active Max  Active Min  Idle Mean  Idle Max  Idle Min
Destination Port                     1.000000      -0.185546          -0.075119                    -0.002991               0.010070               0.002366                0.028097               0.023842              -0.203487              -0.048532               -0.208728              -0.192943      0.069326        0.274962      -0.147794     -0.176532     -0.167325     -0.016424      -0.180196     -0.144479    -0.168268    -0.166009    -0.025687      -0.103844     -0.063285    -0.076643    -0.078637    -0.021569          -0.080210          -0.086787       0.255989       0.201976          -0.025645          -0.180866           -0.191432          -0.183696               -0.144018       -0.072250       -0.154444        0.252394            -0.189450          -0.002991               -0.184329                -0.073484         -0.077007             -0.126121    -0.037532   -0.041539   -0.032768  -0.148446 -0.150482 -0.143089
Flow Duration                       -0.185546       1.000000           0.142761                     0.022820               0.088818              -0.065752                0.038546               0.133769               0.563030              -0.113562                0.578789               0.517936     -0.017631       -0.110311       0.666653      0.919950      0.944342      0.062046       0.998792      0.730652     0.911293     0.943799     0.137988       0.570954      0.388460     0.490848     0.510889     0.136216           0.139214           0.121761      -0.086927      -0.118136          -0.128187           0.538361            0.480685           0.494676                0.307691        0.415268       -0.392399        0.287965             0.461858           0.022820               -0.231473                -0.136595          0.107326             -0.112899     0.206591    0.241629    0.174612   0.921865  0.940124  0.882605
Total Fwd Packets                   -0.075119       0.142761           1.000000                     0.360853               0.120784              -0.030978                0.105847               0.117787               0.046720              -0.043154                0.075245               0.015730     -0.005849       -0.046124      -0.006035      0.010112      0.035317     -0.008595       0.139757     -0.004974     0.013467     0.035286    -0.014762       0.195193      0.004677     0.013933     0.041312    -0.008078           0.986389           0.887923      -0.035037      -0.052477          -0.059718           0.059396            0.086795           0.040646               -0.000929       -0.011739        0.083327       -0.059601             0.074884           0.360853                0.140129                -0.039948          0.907225              0.043442     0.083881    0.142209    0.019150   0.027644  0.031463  0.023098
Total Length of Fwd Packets         -0.002991       0.022820           0.360853                     1.000000               0.849837              -0.013758                0.872750               0.812211              -0.018552              -0.025577               -0.004952              -0.027703      0.004869       -0.023089      -0.028887     -0.030213     -0.023535     -0.005033       0.023180     -0.026874    -0.027194    -0.023217    -0.008170       0.069359     -0.003715    -0.002928     0.000954    -0.004230           0.366412           0.271454      -0.018112      -0.024921          -0.032243           0.233873            0.158491           0.135680                0.154181       -0.014305        0.073116       -0.058452             0.141626           1.000000                0.043687                -0.033952          0.379771             -0.022207     0.002243    0.011138   -0.004520  -0.023002 -0.023089 -0.022203
Fwd Packet Length Max                0.010070       0.088818           0.120784                     0.849837               1.000000              -0.000525                0.960258               0.966984               0.033796              -0.036873                0.026125               0.021007      0.021159       -0.036182       0.020839      0.053800      0.064412     -0.008158       0.087248      0.034524     0.063906     0.064704    -0.010648       0.098372      0.029478     0.063585     0.065070    -0.008779           0.106273           0.157645      -0.027153      -0.041944          -0.045455           0.324788            0.213026           0.206568                0.204072        0.029772        0.044605       -0.042375             0.196592           0.849837                0.013358                -0.060988          0.165185             -0.060706     0.014423    0.028625    0.006680   0.068104  0.066171  0.068448
Fwd Packet Length Min                0.002366      -0.065752          -0.030978                    -0.013758              -0.000525               1.000000                0.085225              -0.036505              -0.081648               0.342896               -0.073660              -0.081226      0.017673       -0.005286      -0.017584     -0.050669     -0.057195      0.014215      -0.064064     -0.012094    -0.068423    -0.057320     0.051424      -0.030830      0.026470    -0.031532    -0.017684     0.054139          -0.033296          -0.035128      -0.005370      -0.002828           0.446826          -0.075453           -0.051238          -0.071016               -0.064729       -0.027592       -0.184735        0.000939            -0.042931          -0.013758               -0.123396                -0.015412         -0.028180             -0.051693    -0.015347   -0.017219   -0.013353  -0.050624 -0.052195 -0.047905
Fwd Packet Length Mean               0.028097       0.038546           0.105847                     0.872750               0.960258               0.085225                1.000000               0.952002               0.004379              -0.001368                0.001104              -0.003104      0.042026       -0.027654       0.003154      0.019722      0.026514     -0.005715       0.037991      0.014519     0.025618     0.026923    -0.001862       0.063640      0.028949     0.048182     0.050509     0.002427           0.090200           0.118393      -0.019221      -0.035663          -0.000046           0.290675            0.203490           0.187955                0.192104        0.019167        0.032483       -0.045455             0.188674           0.872750               -0.008926                -0.053474          0.157298             -0.075163     0.014008    0.021690    0.006954   0.029222  0.028979  0.029237
Fwd Packet Length Std                0.023842       0.133769           0.117787                     0.812211               0.966984              -0.036505                0.952002               1.000000               0.069072              -0.057428                0.064156               0.054978      0.052037       -0.040208       0.048796      0.100631      0.112826     -0.010624       0.132040      0.070079     0.115399     0.113151    -0.011369       0.133831      0.051903     0.108371     0.107960    -0.011143           0.104360           0.135442      -0.027913      -0.051933          -0.071982           0.346570            0.253501           0.243901                0.224750        0.063591        0.035180       -0.035508             0.237516           0.812211                0.001309                -0.077443          0.161293             -0.078590     0.020417    0.033488    0.014364   0.117608  0.114815  0.117789
Bwd Packet Length Max               -0.203487       0.563030           0.046720                    -0.018552               0.033796              -0.081648                0.004379               0.069072               1.000000              -0.123937                0.965248               0.989853     -0.014623       -0.115346       0.315249      0.558358      0.596377     -0.024960       0.561180      0.354504     0.587160     0.592987    -0.041840       0.214868      0.117166     0.284252     0.264547    -0.037299           0.041452           0.050006      -0.091040      -0.123184          -0.161281           0.954050            0.918245           0.968602                0.897232        0.270862       -0.163586        0.122728             0.917789          -0.018552               -0.228124                -0.211601          0.032322             -0.288564     0.094200    0.073227    0.105102   0.590870  0.604205  0.562235
Bwd Packet Length Min               -0.048532      -0.113562          -0.043154                    -0.025577              -0.036873               0.342896               -0.001368              -0.057428              -0.123937               1.000000               -0.100166              -0.130525      0.007606       -0.019009      -0.065743     -0.094794     -0.102201     -0.009561      -0.110053     -0.045647    -0.115529    -0.101619     0.053610      -0.052083      0.026767    -0.052491    -0.034661     0.068640          -0.044699          -0.051965      -0.020795      -0.006676           0.772506          -0.124865           -0.100837          -0.123747               -0.106688       -0.052785       -0.252235       -0.126503            -0.092376          -0.025577               -0.199303                -0.101895         -0.047611             -0.012188    -0.027164   -0.028338   -0.024309  -0.088893 -0.090946 -0.084927
Bwd Packet Length Mean              -0.208728       0.578789           0.075245                    -0.004952               0.026125              -0.073660                0.001104               0.064156               0.965248              -0.100166                1.000000               0.959975     -0.014506       -0.118174       0.322481      0.574815      0.616695     -0.025722       0.577753      0.361541     0.602596     0.613258    -0.040974       0.178722      0.094826     0.244029     0.228007    -0.035869           0.070075           0.061265      -0.093437      -0.125818          -0.143818           0.919545            0.953584           0.955705                0.843129        0.241309       -0.182550        0.147531             0.952291          -0.004952               -0.251419                -0.218296          0.051551             -0.298674     0.100787    0.078437    0.111521   0.611712  0.625327  0.582323
Bwd Packet Length Std               -0.192943       0.517936           0.015730                    -0.027703               0.021007              -0.081226               -0.003104               0.054978               0.989853              -0.130525                0.959975               1.000000     -0.013795       -0.109654       0.296415      0.523271      0.556908     -0.023669       0.516179      0.326737     0.545928     0.553404    -0.040170       0.171651      0.100680     0.249261     0.228371    -0.035921           0.009263           0.011504      -0.086488      -0.117248          -0.162454           0.944380            0.906179           0.971072                0.925311        0.237199       -0.148120        0.123133             0.908121          -0.027703               -0.230198                -0.200947          0.006806             -0.294975     0.097261    0.071521    0.110008   0.549105  0.564792  0.519109
Flow Bytes/s                         0.069326      -0.017631          -0.005849                     0.004869               0.021159               0.017673                0.042026               0.052037              -0.014623               0.007606               -0.014506              -0.013795      1.000000        0.215186      -0.014021     -0.016742     -0.015918     -0.001541      -0.017114     -0.013831    -0.015952    -0.015796    -0.002667      -0.010675     -0.006631    -0.008016    -0.008436    -0.002407          -0.006489          -0.007767       0.252415       0.035550           0.011006          -0.006516            0.016117          -0.001450               -0.005052       -0.005203       -0.030026        0.033853             0.026851           0.004869               -0.023627                -0.012588         -0.005817             -0.016842    -0.004258   -0.004480   -0.003873  -0.014040 -0.014299 -0.013463
Flow Packets/s                       0.274962      -0.110311          -0.046124                    -0.023089              -0.036182              -0.005286               -0.027654              -0.040208              -0.115346              -0.019009               -0.118174              -0.109654      0.215186        1.000000      -0.087687     -0.104719     -0.099575     -0.009631      -0.107060     -0.086490    -0.099760    -0.098797    -0.016674      -0.066843     -0.041488    -0.050168    -0.052811    -0.015048          -0.047599          -0.054546       0.951128       0.687202          -0.007829          -0.114643           -0.117401          -0.114372               -0.089766       -0.031026       -0.071627        0.114009            -0.114768          -0.023089               -0.076269                -0.066098         -0.049287             -0.004431    -0.026662   -0.028067   -0.024236  -0.087805 -0.089423 -0.084193
Flow IAT Mean                       -0.147794       0.666653          -0.006035                    -0.028887               0.020839              -0.017584                0.003154               0.048796               0.315249              -0.065743                0.322481               0.296415     -0.014021       -0.087687       1.000000      0.703593      0.696886      0.648407       0.667888      0.907293     0.587640     0.696312     0.668173       0.319591      0.453620     0.302003     0.378532     0.354466          -0.006784          -0.022471      -0.069099      -0.093908          -0.032008           0.298806            0.257156           0.274969                0.176949        0.279646       -0.323275        0.243869             0.247968          -0.028887               -0.170346                -0.004331         -0.027653             -0.049140     0.140682    0.122869    0.138815   0.667596  0.675858  0.644291
Flow IAT Std                        -0.176532       0.919950           0.010112                    -0.030213               0.053800              -0.050669                0.019722               0.100631               0.558358              -0.094794                0.574815               0.523271     -0.016742       -0.104719       0.703593      1.000000      0.974475     -0.021364       0.921227      0.830588     0.938841     0.973838     0.249588       0.439257      0.474409     0.482607     0.533772     0.268684           0.008709          -0.002563      -0.082520      -0.112149          -0.096699           0.532621            0.473806           0.495638                0.324999        0.451208       -0.449980        0.319114             0.458176          -0.030213               -0.284587                -0.068816         -0.019548             -0.127808     0.143831    0.121386    0.143948   0.958877  0.968043  0.927385
Flow IAT Max                        -0.167325       0.944342           0.035317                    -0.023535               0.064412              -0.057195                0.026514               0.112826               0.596377              -0.102201                0.616695               0.556908     -0.015918       -0.099575       0.696886      0.974475      1.000000      0.069312       0.945178      0.768021     0.969059     0.999175     0.150944       0.423532      0.367354     0.495522     0.515515     0.132478           0.032337           0.026552      -0.078466      -0.106639          -0.111056           0.570127            0.511191           0.530520                0.345708        0.457501       -0.467079        0.342723             0.494191          -0.023535               -0.307094                -0.118170          0.004293             -0.136074     0.153679    0.133572    0.148055   0.984153  0.995329  0.950204
Flow IAT Min                        -0.016424       0.062046          -0.008595                    -0.005033              -0.008158               0.014215               -0.005715              -0.010624              -0.024960              -0.009561               -0.025722              -0.023669     -0.001541       -0.009631       0.648407     -0.021364      0.069312      1.000000       0.062382      0.336243    -0.020706     0.069129     0.478909      -0.014288     -0.008605    -0.010790    -0.011258    -0.002848          -0.008340          -0.012819      -0.007589      -0.010314           0.026476          -0.024884           -0.025554          -0.025129               -0.019474       -0.009823       -0.053511        0.067348            -0.025016          -0.005033               -0.013813                -0.017604         -0.010509              0.029979     0.005857    0.003316    0.007090   0.054294  0.051879  0.055557
Fwd IAT Total                       -0.180196       0.998792           0.139757                     0.023180               0.087248              -0.064064                0.037991               0.132040               0.561180              -0.110053                0.577753               0.516179     -0.017114       -0.107060       0.667888      0.921227      0.945178      0.062382       1.000000      0.733208     0.913825     0.946185     0.138938       0.565981      0.386772     0.488974     0.508626     0.136091           0.135897           0.114604      -0.084365      -0.114655          -0.123935           0.536823            0.479513           0.493193                0.306885        0.417398       -0.401469        0.294877             0.460758           0.023180               -0.244330                -0.131291          0.102703             -0.117941     0.205958    0.240742    0.173935   0.924521  0.942650  0.885355
Fwd IAT Mean                        -0.144479       0.730652          -0.004974                    -0.026874               0.034524              -0.012094                0.014519               0.070079               0.354504              -0.045647                0.361541               0.326737     -0.013831       -0.086490       0.907293      0.830588      0.768021      0.336243       0.733208      1.000000     0.669429     0.768839     0.707531       0.459270      0.675213     0.408924     0.541220     0.562147          -0.005486          -0.011102      -0.068155      -0.092626          -0.016781           0.337451            0.307885           0.314080                0.196965        0.398884       -0.348377        0.198148             0.297791          -0.026874               -0.205776                -0.035109         -0.026260             -0.080054     0.096475    0.083498    0.097085   0.752942  0.754268  0.734212
Fwd IAT Std                         -0.168268       0.911293           0.013467                    -0.027194               0.063906              -0.068423                0.025618               0.115399               0.587160              -0.115529                0.602596               0.545928     -0.015952       -0.099760       0.587640      0.938841      0.969059     -0.020706       0.913825      0.669429     1.000000     0.969928    -0.035658       0.435599      0.276914     0.556991     0.532908    -0.018982           0.012414           0.006528      -0.078612      -0.106837          -0.133257           0.561233            0.509656           0.524539                0.341045        0.535141       -0.448561        0.297807             0.493054          -0.027194               -0.286705                -0.073992         -0.016735             -0.143700     0.126455    0.104598    0.128342   0.960190  0.966801  0.931067
Fwd IAT Max                         -0.166009       0.943799           0.035286                    -0.023217               0.064704              -0.057320                0.026923               0.113151               0.592987              -0.101619                0.613258               0.553404     -0.015796       -0.098797       0.696312      0.973838      0.999175      0.069129       0.946185      0.768839     0.969928     1.000000     0.151114       0.422099      0.365770     0.493984     0.513454     0.131518           0.032326           0.026289      -0.077853      -0.105806          -0.110343           0.567090            0.507367           0.526959                0.342303        0.457676       -0.468874        0.344180             0.490297          -0.023217               -0.308230                -0.117467          0.004336             -0.134932     0.153904    0.133867    0.148245   0.984564  0.995818  0.950525
Fwd IAT Min                         -0.025687       0.137988          -0.014762                    -0.008170              -0.010648               0.051424               -0.001862              -0.011369              -0.041840               0.053610               -0.040974              -0.040170     -0.002667       -0.016674       0.668173      0.249588      0.150944      0.478909       0.138938      0.707531    -0.035658     0.151114     1.000000       0.157088      0.625804    -0.016596     0.190335     0.782299          -0.014683          -0.017585      -0.013139      -0.017857           0.108972          -0.041229           -0.039418          -0.041147               -0.033549       -0.017189       -0.079370        0.041962            -0.038142          -0.008170               -0.047254                -0.032116         -0.015441              0.022629    -0.000039   -0.002426    0.001437   0.142742  0.136865  0.145450
Bwd IAT Total                       -0.103844       0.570954           0.195193                     0.069359               0.098372              -0.030830                0.063640               0.133831               0.214868              -0.052083                0.178722               0.171651     -0.010675       -0.066843       0.319591      0.439257      0.423532     -0.014288       0.565981      0.459270     0.435599     0.422099     0.157088       1.000000      0.671267     0.846335     0.882934     0.236156           0.192839           0.201130      -0.052674      -0.071584          -0.059283           0.209640            0.206764           0.189072                0.091127        0.649977       -0.096382       -0.173759             0.196056           0.069359               -0.024763                -0.112298          0.190212             -0.130055     0.070358    0.172879    0.006532   0.426105  0.422801  0.421714
Bwd IAT Mean                        -0.063285       0.388460           0.004677                    -0.003715               0.029478               0.026470                0.028949               0.051903               0.117166               0.026767                0.094826               0.100680     -0.006631       -0.041488       0.453620      0.474409      0.367354     -0.008605       0.386772      0.675213     0.276914     0.365770     0.625804       0.671267      1.000000     0.556143     0.728974     0.831645           0.003798           0.008362      -0.032693      -0.044430           0.057816           0.113533            0.108729           0.105737                0.060839        0.404639       -0.129372       -0.084356             0.105158          -0.003715               -0.076966                -0.068003          0.008579             -0.086283     0.088529    0.144960    0.008392   0.365069  0.367813  0.359835
Bwd IAT Std                         -0.076643       0.490848           0.013933                    -0.002928               0.063585              -0.031532                0.048182               0.108371               0.284252              -0.052491                0.244029               0.249261     -0.008016       -0.050168       0.302003      0.482607      0.495522     -0.010790       0.488974      0.408924     0.556991     0.493984    -0.016596       0.846335      0.556143     1.000000     0.958946     0.017531           0.011154           0.032793      -0.039533      -0.053727          -0.061697           0.276210            0.266431           0.261982                0.166348        0.811412       -0.196989       -0.136080             0.258397          -0.002928               -0.127338                -0.090208          0.017132             -0.190305     0.042031    0.067151    0.008000   0.499978  0.495020  0.495841
Bwd IAT Max                         -0.078637       0.510889           0.041312                     0.000954               0.065070              -0.017684                0.050509               0.107960               0.264547              -0.034661                0.228007               0.228371     -0.008436       -0.052811       0.378532      0.533772      0.515515     -0.011258       0.508626      0.541220     0.532908     0.513454     0.190335       0.882934      0.728974     0.958946     1.000000     0.268243           0.036109           0.064272      -0.041616      -0.056557          -0.032816           0.257733            0.253122           0.243275                0.148232        0.790576       -0.203950       -0.134520             0.245013           0.000954               -0.132693                -0.092422          0.043297             -0.184861     0.052084    0.080819    0.010757   0.520082  0.514700  0.516134
Bwd IAT Min                         -0.021569       0.136216          -0.008078                    -0.004230              -0.008779               0.054139                0.002427              -0.011143              -0.037299               0.068640               -0.035869              -0.035921     -0.002407       -0.015048       0.354466      0.268684      0.132478     -0.002848       0.136091      0.562147    -0.018982     0.131518     0.782299       0.236156      0.831645     0.017531     0.268243     1.000000          -0.007572          -0.013330      -0.011858      -0.016116           0.113209          -0.036682           -0.032493          -0.036438               -0.030306       -0.012685       -0.045837       -0.007484            -0.031684          -0.004230               -0.027971                -0.020067         -0.005431              0.010417     0.064337    0.100131    0.003347   0.128951  0.133179  0.126519
Fwd Header Length                   -0.080210       0.139214           0.986389                     0.366412               0.106273              -0.033296                0.090200               0.104360               0.041452              -0.044699                0.070075               0.009263     -0.006489       -0.047599      -0.006784      0.008709      0.032337     -0.008340       0.135897     -0.005486     0.012414     0.032326    -0.014683       0.192839      0.003798     0.011154     0.036109    -0.007572           1.000000           0.892548      -0.036459      -0.053443          -0.064415           0.048247            0.077854           0.030658               -0.012203       -0.014963        0.096883       -0.070037             0.066007           0.366412                0.170864                -0.032766          0.851303              0.082523     0.076215    0.127940    0.014980   0.024837  0.027445  0.021632
Bwd Header Length                   -0.086787       0.121761           0.887923                     0.271454               0.157645              -0.035128                0.118393               0.135442               0.050006              -0.051965                0.061265               0.011504     -0.007767       -0.054546      -0.022471     -0.002563      0.026552     -0.012819       0.114604     -0.011102     0.006528     0.026289    -0.017585       0.201130      0.008362     0.032793     0.064272    -0.013330           0.892548           1.000000      -0.043839      -0.056401          -0.070884           0.068664            0.089632           0.043523                0.002658        0.003985        0.129169       -0.112545             0.078231           0.271454                0.197750                -0.057059          0.721390              0.080670     0.096813    0.176499    0.001054   0.019662  0.022004  0.016301
Fwd Packets/s                        0.255989      -0.086927          -0.035037                    -0.018112              -0.027153              -0.005370               -0.019221              -0.027913              -0.091040              -0.020795               -0.093437              -0.086488      0.252415        0.951128      -0.069099     -0.082520     -0.078466     -0.007589      -0.084365     -0.068155    -0.078612    -0.077853    -0.013139      -0.052674     -0.032693    -0.039533    -0.041616    -0.011858          -0.036459          -0.043839       1.000000       0.429287          -0.007458          -0.090028           -0.090720          -0.089461               -0.070656       -0.021105       -0.081798        0.116418            -0.087961          -0.018112               -0.071858                -0.055270         -0.037536             -0.013331    -0.021010   -0.022117   -0.019098  -0.069191 -0.070466 -0.066345
Bwd Packets/s                        0.201976      -0.118136          -0.052477                    -0.024921              -0.041944              -0.002828               -0.035663              -0.051933              -0.123184              -0.006676               -0.125818              -0.117248      0.035550        0.687202      -0.093908     -0.112149     -0.106639     -0.010314      -0.114655     -0.092626    -0.106837    -0.105806    -0.017857      -0.071584     -0.044430    -0.053727    -0.056557    -0.016116          -0.053443          -0.056401       0.429287       1.000000          -0.005352          -0.123511           -0.129949          -0.124051               -0.096323       -0.041092       -0.017057        0.059571            -0.128739          -0.024921               -0.054019                -0.063297         -0.055846              0.018403    -0.028554   -0.030057   -0.025955  -0.094034 -0.095767 -0.090166
